3.6118  2.9033
1.7140  1.7016
2.6102  2.3943
3.5217  1.1030
2.1144  2.8743
3.1330  3.4240
5.3695  2.6703
2.8835  2.4096
4.6215  2.9022
5.0193  2.8179
3.1008  3.2167
2.3034  1.4748
3.6472  2.6745
4.6394  5.2640
2.8566  4.1702
3.8175  2.6147
2.2934  4.2012
2.5310  3.7031
3.7229  1.8605
3.5397  3.8148
2.6236  1.3864
3.1297  4.0862
5.3783  2.5705
2.6732  2.0909
2.3348  2.4896
2.7638  2.3800
0.6342  3.4446
3.3705  3.2042
3.2886  3.5406
3.3370  4.8267
3.4636  3.6535
3.4020  2.5565
4.4431  3.9920
1.6055  3.6936
2.4774  3.3368
0.7867  0.8749
2.6352  4.1560
3.2858  1.5949
3.7392  2.8120
2.3117  1.1348
4.1271  2.7336
2.8331  3.8487
3.9682  2.8423
3.1162  3.6531
4.0666  1.4985
2.8107  3.5702
4.6343  2.2260
3.8566  2.9034
-0.5429  2.3434
3.7257  2.1756
7.3158  6.8513
4.4364  4.9454
7.2912  6.0339
7.2389  6.2518
6.4749  5.5465
6.2102  6.4830
7.6684  5.1612
3.9020  3.6581
6.3501  3.3559
6.5372  6.3260
6.9188  5.6233
4.2438  7.6421
5.0076  5.1970
7.5322  6.7750
4.8007  5.6805
7.0233  5.7450
6.1705  5.9890
7.1068  6.6353
5.8883  5.3207
5.9186  5.9272
4.8481  5.9914
5.2151  4.5259
5.0553  6.1791
5.9917  8.0680
5.7569  6.0470
5.7304  6.3432
5.6364  6.1037
4.9605  4.8067
6.2229  5.5165
6.5714  6.2241
7.6794  6.6357
6.6964  5.5870
7.9882  8.0092
6.1868  5.3676
6.2800  4.2854
4.7845  7.8715
5.6212  6.2646
6.7731  5.7555
5.6720  6.0163
5.2168  7.6996
7.3287  6.4373
5.1401  7.2426
6.6416  4.6958
5.8749  5.7205
6.4459  6.1071
6.3143  6.4245
7.0774  6.2737
6.2029  5.5610
4.8296  7.3827
3.7052  6.7945
1.7929  6.7778
4.2065  5.2426
3.5766  6.1978
4.2324  6.6047
1.4872  4.6725
4.4523  4.9796
1.5541  5.5445
3.0522  6.1081
3.4205  6.9626
3.8244  7.1447
3.7479  6.7558
3.3164  4.3651
2.7089  6.2450
2.2006  4.6953
2.7406  5.2457
1.6868  4.9766
1.7925  8.1089
2.2501  8.2444
2.2835  5.9420
1.4198  7.3276
4.2358  4.2813
1.9965  9.3107
4.0336  5.5681
4.3984  5.8426
2.3934  6.7423
3.4478  7.4134
2.7141  8.3087
2.3565  5.3853
2.7511  6.8783
4.7119  6.0405
3.7889  5.5342
2.1840  6.0321
3.3701  5.3050
3.0671  5.7734
2.9267  7.3887
3.5408  6.8923
2.3032  5.2765
2.5115  7.5541
3.0926  6.4991
4.0144  5.2921
1.8681  6.1830
3.3216  6.5363
3.1158  6.0099
2.8416  5.6921
2.9440  8.9717
4.1624  5.5926
3.5246  6.8471
2.2795  5.1525
2.5550  6.2115
3.9852  6.3222
5.7991  3.7095
5.8397  2.6598
4.6287  5.1226
5.5106  2.9931
7.5461  2.5471
4.8117  4.0446
6.3646  2.9572
5.8535  1.5515
7.8161  1.9857
7.4761  2.9690
7.9240  2.1706
4.2917  3.2975
5.8123  2.0199
5.9155  3.2743
5.3924  4.1475
4.0223  3.0908
7.1925  3.8504
6.6647  2.5534
4.9922  3.6519
5.9101  3.7208
5.8788  2.4348
6.9995  3.0777
6.3702  3.2633
7.2753  3.1483
6.4220  2.5780
3.9440  2.8523
9.4274  5.2018
4.3413  4.8142
7.5378  3.4213
6.8213  3.3570
6.1389  2.9317
6.1057  2.6351
5.7291  4.3498
6.5174  3.4393
6.4982  3.7073
6.0232  3.0007
5.7020  3.1841
5.9035  3.0020
5.2193  4.0240
7.1192  2.0947
6.8281  2.3275
5.3324  1.2517
6.2047  3.7529
6.4696  2.8792
3.9511  1.1018
6.1152  1.4202
7.8509  3.2019
6.0825  3.3396
6.4342  3.5129
6.4441  2.6522
